-1,74,44,51,81,94,77,103,129
74,-1,21,26,26,47,65,60,76
44,21,-1,36,42,63,130,75,78
51,26,36,-1,32,45,44,55,56
81,26,42,32,-1,25,56,41,65
94,47,63,45,25,-1,42,15,47
77,65,130,44,56,42,-1,51,9
103,60,75,55,41,15,51,-1,45
129,76,78,56,65,47,9,45,-1
